77
-53
80
-32
-80
2
74
6
31
73
-18
23
-8
79
-37
-10
-77
-67
-8
-15
-99
85
-86
52
-60
-4
11
20
41
-7
2
-33
-59
21
-38
-37
-66
61
84
89
58
-46
-66
-33
-83
16
10
60
-87
-34
0
-2
-41
33
94
-27
-67
-4
91
-95
-48
27
-64
46
46
81
-85
-49
-25
26
93
-61
93
80
-62
-20
70
-85
47
-91
73
48
19
24
3
-25
50
-71
-4
-11
87
-41
100
-40
17
69
-24
100
89
-61
16
65
41
-2
0
-73
-25
43
28
35
-69
53
-40
-20
41
-8
-26
19
-14
-23
23
95
-64
19
-44
98
9
-32
76
-47
64
-73
-45
-9
-6
13
76
-43
-22
-60
34
-33
85
16
-87
-33
-68
-96
-15
-94
-2
8
99
48
-62
-65
18
-63
98
43
64
31
-65
5
46
-80
58
55
-55
-99
2
55
-70
-8
11
-44
74
-19
-21
-46
-84
27
-9
-87
-80
-74
-84
-21
-87
37
31
-82
-45
88
67
-74
49
8
13
14
85
-89
-28
-25
21
74
63
-58
-56
23
-71
39
10
-85
100
-40
30
-45
55
55
-34
51
54
-38
87
-44
-44
-98
65
96
-10
56
63
44
-92
44
-23
4
-50
76
95
-93
-100
13
-39
-70
84
14
-45
-77
-9
-28
-100
-58
25
63
41
57
-32
1
66
65
-17
-55
56
-26
76
63
32
1
88
83
13
41
-67
24
-21
68
39
-76
-100
68
-48
20
13
53
10
28
60
82
-84
70
35
-45
61
-99
-85
21
80
9
-30
38
-17
87
12
-45
92
42
-7
95
14
-86
-61
85
84
26
49
-74
-22
-56
2
-29
61
-28
-77
-30
30
-94
-59
-55
-99
-61
-13
-87
20
-48
-61
-39
0
12
-46
64
-30
-90
79
-82
88
41
-28
15
16
-93
-77
-21
75
0
-75
-76
-20
-81
-86
73
83
84
97
-44
-32
-76
68
-29
73
-45
-65
-97
71
-4
-44
50
52
27
36
67
76
46
1
-19
99
-60
-100
-78
21
-65
73
25
-92
-54
-87
-84
-45
-61
91
-33
4
-12
80
22
-24
-71
17
-38
-62
68
-66
-55
23
-75
-68
-18
82
9
-84
-91
-53
-8
91
10
-11
8
-99
90
93
6
99
74
-41
53
-95
-83
58
-34
-72
-54
37
8
11
33
-6
31
91
-83
33
100
92
92
100
-7
-8
-24
-98
89
100
48
-51
-82
70
21
49
39
-70
-1
12
-83
85
-38
-39
45
-74
45
-20
19
-62
84
-67
45
-32
93
-68
90
-87
47
64
81
10
66
7
-84
-66
60
-57
55
27
67
-88
-13
16
-42
61
51
12
-59
-42
-68
19
-45
36
-4
-76
-77
10
-60
89
-33
2
-78
0
-33
-13
-5
94
18
-32
-19
-28
-41
80
54
-26
51
2
46
-75
-64
-58
-93
-15
9
38
-94
-6
33
-7
-95
-64
58
-69
44
-23
27
47
51
85
39
-65
24
87
-15
62
-63
93
-19
56
-69
-64
49
-28
25
54
-68
74
78
-79
62
99
53
-18
83
60
-95
90
-79
16
36
11
-57
-14
-47
84
-23
-98
-56
40
-46
-97
-6
-40
79
23
32
95
36
2
21
-14
56
-51
62
-6
58
-83
-43
75
84
-98
-72
-88
-98
-78
-51
41
-3
-84
68
-7
-46
94
2
78
-99
1
-65
-56
99
-60
-62
-23
-17
-68
-42
93
29
-56
58
-50
64
-86
0
30
-34
-41
-20
42
66
57
71
-36
1
96
-70
-59
20
-28
72
-42
-63
17
82
-95
5
-30
51
64
54
-10
-39
68
-56
12
55
32
-15
23
-5
-22
83
-65
-15
52
-23
73
-26
5
50
52
29
41
-42
21
57
-77
-95
-14
-22
-64
-41
14
78
-60
29
33
-93
-97
6
54
-34
-93
20
-76
78
14
-69
-8
89
-12
67
-36
-86
-36
32
-67
-78
-5
-42
-46
-68
-69
-72
62
49
96
-56
15
31
96
-50
-19
-93
-32
53
-87
33
-23
23
-52
-43
44
14
39
-25
74
-98
-83
74
-55
95
52
39
-74
12
-29
19
66
-60
-5
47
-77
-68
-4
-93
-91
-55
-58
64
-59
27
-36
13
-86
43
-45
-85
-63
51
9
29
-4
10
84
-45
-78
12
-59
70
-36
69
36
-77
-5
52
4
-28
32
-27
24
-53
97
39
-75
72
28
56
15
-23
-37
43
-46
4
85
7
79
22
-90
-99
-73
-10
-66
-97
-40
-64
-88
-70
-93
36
-95
-55
62
-48
20
-49
37
-100
-70
-98
-29
-45
31
-68
-83
83
-37
-46
-27
-85
-35
62
-71
28
23
45
-66
11
59
-22
-93
-18
-8
-93
94
-12
81
-50
68
50
-22
-6
90
20
1
19
61
23
23
-61
78
50
-4
65
40
-55
29
-83
-21
63
-77
-9
-31
90
56
34
78
32
81
-52
-36
-43
45
76
-67
40
50
46
81
69
47
-76
9
77
-22
23
33
84
-89
2
-24
75
-76
-96
-85
80
-8
-51
-76
-33
-93
-38
7
0
59
74
-83
97
1
-95
88
-100
-76
60
-13
-30
10
67
-52
-73
-4
5
37
10
34
-64
2
-17
80
99
14
-9
-32
56
60
-49
15
89
-85
-47
-49
-91
88
68
-83
-36
-12
46
